782	96976	1
782	70329	1
782	96972	1
782	96968	1
782	96963	1
782	7984	1
782	96957	1
782	23915	1
782	96948	1
782	96929	1
782	96945	1
782	96940	1
782	85678	1
782	96960	1
782	96924	1
782	96921	1
782	96942	1
782	96925	1
782	7987	1
782	96931	1
782	96922	1
782	96954	1
782	96918	1
782	96923	1
782	19432	1
782	96947	1
782	96981	1
782	96937	1
782	96934	1
782	96974	1
782	96938	1
782	92438	1
782	96926	1
782	96944	1
782	71933	1
782	7986	1
782	96977	1
782	96950	1
782	7971	1
782	96919	1
782	96959	1
782	96979	1
782	22194	1
782	96932	1
782	96939	1
782	96936	1
782	96958	1
782	96935	1
782	96975	1
782	96933	1
782	96920	1
782	7992	1
782	96971	1
782	96953	1
782	96928	1
782	96956	1
782	96917	1
7971	96981	1
7971	96980	1
7971	96978	1
7971	96977	1
7971	96976	1
7971	7987	1
7971	96974	1
7971	70329	1
7971	96973	1
7971	96972	1
7971	96930	1
7971	11715	1
7971	96969	1
7971	96968	1
7971	96967	1
7971	96966	1
7971	96964	1
7971	96963	1
7971	96962	1
7971	7984	1
7971	33295	1
7971	96957	1
7971	54121	1
7971	23915	1
7971	96955	1
7971	96954	1
7971	51843	1
7971	96952	1
7971	96951	1
7971	96950	1
7971	96948	1
7971	96947	1
7971	96929	1
7971	96945	1
7971	96925	1
7971	96942	1
7971	93543	1
7971	96941	1
7971	96940	1
7971	19432	1
7971	96938	1
7971	85678	1
7971	96937	1
7971	96934	1
7971	96931	1
7971	96922	1
7971	95395	1
7971	7989	1
7971	92438	1
7971	96970	1
7971	7986	1
7971	53852	1
7971	96946	1
7971	96960	1
7971	96927	1
7971	96926	1
7971	96944	1
7971	96924	1
7971	71933	1
7971	96923	1
7971	96921	1
7971	96918	1
7971	96919	1
7971	96959	1
7971	96979	1
7971	22194	1
7971	96932	1
7971	96939	1
7971	96936	1
7971	96958	1
7971	96935	1
7971	96943	1
7971	96975	1
7971	96949	1
7971	96933	1
7971	96961	1
7971	96920	1
7971	28352	1
7971	7992	1
7971	96971	1
7971	96953	1
7971	96928	1
7971	96956	1
7971	96965	1
7971	87297	1
7971	96917	1
7984	96976	1
7984	96968	1
7984	51843	1
7984	96924	1
7984	54121	1
7984	70329	1
7984	96970	1
7984	53852	1
7984	96945	1
7984	33295	1
7984	96978	1
7984	96960	1
7984	96951	1
7984	11715	1
7984	96927	1
7984	96963	1
7984	96973	1
7984	96929	1
7984	85678	1
7984	96957	1
7984	96930	1
7984	96921	1
7984	23915	1
7984	95395	1
7984	96940	1
7984	96941	1
7984	96972	1
7984	96948	1
7984	96955	1
7984	96946	1
7984	96980	1
7984	96942	1
7984	96925	1
7984	96964	1
7984	7987	1
7984	96931	1
7984	96922	1
7984	96954	1
7984	96966	1
7984	96918	1
7984	96923	1
7984	19432	1
7984	96947	1
7984	96981	1
7984	96937	1
7984	96934	1
7984	96962	1
7984	96974	1
7984	96938	1
7984	96969	1
7984	92438	1
7984	93543	1
7984	7989	1
7984	96952	1
7984	96926	1
7984	96967	1
7984	96944	1
7984	71933	1
7984	7986	1
7984	96977	1
7984	96950	1
7984	96919	1
7984	96959	1
7984	96979	1
7984	22194	1
7984	96932	1
7984	96939	1
7984	96936	1
7984	96958	1
7984	96935	1
7984	96943	1
7984	96975	1
7984	96949	1
7984	96933	1
7984	96961	1
7984	96920	1
7984	28352	1
7984	7992	1
7984	96971	1
7984	96953	1
7984	96928	1
7984	96956	1
7984	96965	1
7984	87297	1
7984	96917	1
7986	96981	1
7986	96980	1
7986	96978	1
7986	96976	1
7986	7987	1
7986	96974	1
7986	70329	1
7986	96973	1
7986	96972	1
7986	96970	1
7986	11715	1
7986	96969	1
7986	96968	1
7986	96967	1
7986	96966	1
7986	96964	1
7986	96963	1
7986	96962	1
7986	33295	1
7986	96957	1
7986	54121	1
7986	23915	1
7986	96955	1
7986	96954	1
7986	51843	1
7986	96952	1
7986	96951	1
7986	96948	1
7986	96947	1
7986	96929	1
7986	96945	1
7986	96925	1
7986	96942	1
7986	93543	1
7986	96941	1
7986	96940	1
7986	19432	1
7986	96938	1
7986	85678	1
7986	96937	1
7986	96934	1
7986	96931	1
7986	96922	1
7986	95395	1
7986	7989	1
7986	92438	1
7986	96930	1
7986	53852	1
7986	96946	1
7986	96960	1
7986	96927	1
7986	96926	1
7986	96944	1
7986	96924	1
7986	71933	1
7986	96923	1
7986	96921	1
7986	96918	1
7986	96977	1
7986	96950	1
7986	96919	1
7986	96959	1
7986	96979	1
7986	22194	1
7986	96932	1
7986	96939	1
7986	96936	1
7986	96958	1
7986	96935	1
7986	96943	1
7986	96975	1
7986	96949	1
7986	96933	1
7986	96961	1
7986	96920	1
7986	28352	1
7986	7992	1
7986	96971	1
7986	96953	1
7986	96928	1
7986	96956	1
7986	96965	1
7986	87297	1
7986	96917	1
7987	96980	1
7987	96978	1
7987	96976	1
7987	70329	1
7987	96973	1
7987	96972	1
7987	96930	1
7987	11715	1
7987	96968	1
7987	96964	1
7987	96963	1
7987	33295	1
7987	96957	1
7987	54121	1
7987	23915	1
7987	96955	1
7987	51843	1
7987	96951	1
7987	96948	1
7987	96929	1
7987	96945	1
7987	96925	1
7987	96942	1
7987	96941	1
7987	96940	1
7987	85678	1
7987	95395	1
7987	96970	1
7987	53852	1
7987	96946	1
7987	96960	1
7987	96927	1
7987	96924	1
7987	96921	1
7987	96931	1
7987	96922	1
7987	96954	1
7987	96966	1
7987	96918	1
7987	96923	1
7987	19432	1
7987	96947	1
7987	96981	1
7987	96937	1
7987	96934	1
7987	96962	1
7987	96974	1
7987	96938	1
7987	96969	1
7987	92438	1
7987	93543	1
7987	7989	1
7987	96952	1
7987	96926	1
7987	96967	1
7987	96944	1
7987	71933	1
7987	96977	1
7987	96950	1
7987	96919	1
7987	96959	1
7987	96979	1
7987	22194	1
7987	96932	1
7987	96939	1
7987	96936	1
7987	96958	1
7987	96935	1
7987	96943	1
7987	96975	1
7987	96949	1
7987	96933	1
7987	96961	1
7987	96920	1
7987	28352	1
7987	7992	1
7987	96971	1
7987	96953	1
7987	96928	1
7987	96956	1
7987	96965	1
7987	87297	1
7987	96917	1
7989	96960	1
7989	33295	1
7989	96946	1
7989	54121	1
7989	96978	1
7989	93543	1
7989	96941	1
7989	96980	1
7989	96955	1
7989	96968	1
7989	96976	1
7989	92438	1
7989	96930	1
7989	96974	1
7989	53852	1
7989	96957	1
7989	96973	1
7989	96929	1
7989	96964	1
7989	85678	1
7989	96918	1
7989	96970	1
7989	96927	1
7989	96940	1
7989	96951	1
7989	96925	1
7989	95395	1
7989	11715	1
7989	96966	1
7989	96922	1
7989	96962	1
7989	96947	1
7989	96931	1
7989	96969	1
7989	51843	1
7989	96952	1
7989	96926	1
7989	96967	1
7989	96959	1
7989	96936	1
7989	96943	1
7989	96975	1
7989	96949	1
7989	96933	1
7989	96961	1
7989	28352	1
7989	7992	1
7989	96971	1
7989	96953	1
7989	96965	1
7989	87297	1
7989	96917	1
7992	96981	1
7992	96980	1
7992	96979	1
7992	96978	1
7992	96977	1
7992	96976	1
7992	96975	1
7992	96974	1
7992	70329	1
7992	96973	1
7992	96972	1
7992	96930	1
7992	11715	1
7992	96969	1
7992	96968	1
7992	96967	1
7992	96966	1
7992	96964	1
7992	96963	1
7992	96962	1
7992	96961	1
7992	33295	1
7992	96958	1
7992	96957	1
7992	54121	1
7992	23915	1
7992	96955	1
7992	96954	1
7992	51843	1
7992	96952	1
7992	96951	1
7992	96950	1
7992	96949	1
7992	96948	1
7992	96947	1
7992	96946	1
7992	96945	1
7992	96925	1
7992	96943	1
7992	96942	1
7992	93543	1
7992	96941	1
7992	96940	1
7992	96959	1
7992	19432	1
7992	96939	1
7992	96938	1
7992	85678	1
7992	96937	1
7992	96936	1
7992	96935	1
7992	96934	1
7992	96933	1
7992	96932	1
7992	28352	1
7992	96931	1
7992	96922	1
7992	95395	1
7992	92438	1
7992	96970	1
7992	22194	1
7992	53852	1
7992	96929	1
7992	96960	1
7992	96927	1
7992	96926	1
7992	96944	1
7992	96924	1
7992	71933	1
7992	96923	1
7992	96921	1
7992	96920	1
7992	96919	1
7992	96918	1
7992	96971	1
7992	96953	1
7992	96928	1
7992	96956	1
7992	96965	1
7992	87297	1
7992	96917	1
11715	96978	1
11715	96976	1
11715	96970	1
11715	96968	1
11715	54121	1
11715	51843	1
11715	96951	1
11715	33295	1
11715	53852	1
11715	96960	1
11715	96927	1
11715	96973	1
11715	96929	1
11715	85678	1
11715	96957	1
11715	96930	1
11715	95395	1
11715	96940	1
11715	96941	1
11715	96955	1
11715	96946	1
11715	96980	1
11715	96925	1
11715	96964	1
11715	96931	1
11715	96922	1
11715	96966	1
11715	96918	1
11715	96947	1
11715	96962	1
11715	96974	1
11715	96969	1
11715	92438	1
11715	93543	1
11715	96952	1
11715	96926	1
11715	96967	1
11715	96959	1
11715	96936	1
11715	96943	1
11715	96975	1
11715	96949	1
11715	96933	1
11715	96961	1
11715	28352	1
11715	96971	1
11715	96953	1
11715	96965	1
11715	87297	1
11715	96917	1
12677	97909	2
12677	80522	2
12677	97906	2
12677	97904	2
12677	97903	2
12677	97873	2
12677	97880	2
12677	97874	2
12677	97866	2
12677	97893	2
12677	97886	2
12677	97885	2
12677	97884	2
12677	97883	2
12677	97882	2
12677	97875	2
12677	97868	2
12677	97900	2
12677	97894	2
12677	97892	2
12677	97891	2
12677	97888	2
12677	97911	2
12677	97881	2
12677	97878	2
12677	97897	2
12677	80527	2
12677	97910	2
12677	97908	2
12677	97870	2
12677	97895	2
12677	97887	2
12677	97879	2
12677	97877	2
12677	97872	2
12677	97871	2
12677	97867	2
12677	76726	2
12677	97864	2
12677	97901	2
12677	97889	2
12677	97899	2
12677	97896	2
12677	97907	2
12677	97898	2
12677	97912	2
12677	97869	2
12677	97863	2
12677	97865	2
12677	97902	2
12677	80510	2
12677	97890	2
12677	97876	2
12677	97862	2
12677	97905	2
12677	97861	2
19432	96957	1
19432	96942	1
19432	23915	1
19432	96940	1
19432	96954	1
19432	96976	1
19432	96924	1
19432	70329	1
19432	96972	1
19432	96929	1
19432	96960	1
19432	85678	1
19432	96968	1
19432	96963	1
19432	96923	1
19432	96922	1
19432	96948	1
19432	96921	1
19432	96945	1
19432	96925	1
19432	96918	1
19432	96931	1
19432	96947	1
19432	96981	1
19432	96937	1
19432	96934	1
19432	96974	1
19432	96938	1
19432	92438	1
19432	96926	1
19432	96944	1
19432	71933	1
19432	96977	1
19432	96950	1
19432	96919	1
19432	96979	1
19432	22194	1
19432	96932	1
19432	96939	1
19432	96936	1
19432	96958	1
19432	96935	1
19432	96975	1
19432	96933	1
19432	96920	1
19432	96971	1
19432	96953	1
19432	96928	1
19432	96956	1
19432	96917	1
22194	96937	1
22194	96957	1
22194	96979	1
22194	96942	1
22194	96981	1
22194	96924	1
22194	23915	1
22194	96944	1
22194	96940	1
22194	96954	1
22194	96976	1
22194	96921	1
22194	92438	1
22194	96947	1
22194	96974	1
22194	70329	1
22194	96972	1
22194	96929	1
22194	96960	1
22194	96938	1
22194	85678	1
22194	96977	1
22194	96926	1
22194	96950	1
22194	71933	1
22194	96968	1
22194	96934	1
22194	96963	1
22194	96923	1
22194	96922	1
22194	96948	1
22194	96945	1
22194	96919	1
22194	96925	1
22194	96918	1
22194	96931	1
22194	96932	1
22194	96939	1
22194	96936	1
22194	96958	1
22194	96935	1
22194	96975	1
22194	96933	1
22194	96920	1
22194	96971	1
22194	96953	1
22194	96928	1
22194	96956	1
22194	96917	1
23915	96976	1
23915	70329	1
23915	96968	1
23915	96963	1
23915	96960	1
23915	96957	1
23915	96929	1
23915	96945	1
23915	85678	1
23915	96924	1
23915	96921	1
23915	96940	1
23915	96972	1
23915	96948	1
23915	96942	1
23915	96925	1
23915	96931	1
23915	96922	1
23915	96954	1
23915	96918	1
23915	96923	1
23915	96947	1
23915	96981	1
23915	96937	1
23915	96934	1
23915	96974	1
23915	96938	1
23915	92438	1
23915	96926	1
23915	96944	1
23915	71933	1
23915	96977	1
23915	96950	1
23915	96919	1
23915	96979	1
23915	96932	1
23915	96939	1
23915	96936	1
23915	96958	1
23915	96935	1
23915	96975	1
23915	96933	1
23915	96920	1
23915	96971	1
23915	96953	1
23915	96928	1
23915	96956	1
23915	96917	1
28352	96961	1
28352	51843	1
28352	33295	1
28352	96946	1
28352	96957	1
28352	96943	1
28352	96978	1
28352	95395	1
28352	93543	1
28352	96949	1
28352	96980	1
28352	96959	1
28352	92438	1
28352	96930	1
28352	96975	1
28352	96974	1
28352	53852	1
28352	96927	1
28352	96973	1
28352	96955	1
28352	96964	1
28352	96960	1
28352	96929	1
28352	85678	1
28352	96933	1
28352	96970	1
28352	96940	1
28352	96952	1
28352	96962	1
28352	96951	1
28352	96936	1
28352	96968	1
28352	54121	1
28352	96967	1
28352	96941	1
28352	96926	1
28352	96966	1
28352	96922	1
28352	96976	1
28352	96947	1
28352	96925	1
28352	96918	1
28352	96931	1
28352	96969	1
28352	96971	1
28352	96953	1
28352	96965	1
28352	87297	1
28352	96917	1
33295	96976	1
33295	96970	1
33295	96968	1
33295	54121	1
33295	51843	1
33295	53852	1
33295	96978	1
33295	96960	1
33295	96951	1
33295	96927	1
33295	96973	1
33295	96929	1
33295	85678	1
33295	96957	1
33295	96930	1
33295	95395	1
33295	96940	1
33295	96941	1
33295	96955	1
33295	96946	1
33295	96980	1
33295	96925	1
33295	96964	1
33295	96931	1
33295	96922	1
33295	96966	1
33295	96918	1
33295	96947	1
33295	96962	1
33295	96974	1
33295	96969	1
33295	92438	1
33295	93543	1
33295	96952	1
33295	96926	1
33295	96967	1
33295	96959	1
33295	96936	1
33295	96943	1
33295	96975	1
33295	96949	1
33295	96933	1
33295	96961	1
33295	96971	1
33295	96953	1
33295	96965	1
33295	87297	1
33295	96917	1
51843	96976	1
51843	96968	1
51843	54121	1
51843	96970	1
51843	53852	1
51843	96978	1
51843	96960	1
51843	96951	1
51843	96927	1
51843	96973	1
51843	96929	1
51843	85678	1
51843	96957	1
51843	96930	1
51843	95395	1
51843	96940	1
51843	96941	1
51843	96955	1
51843	96946	1
51843	96980	1
51843	96925	1
51843	96964	1
51843	96931	1
51843	96922	1
51843	96966	1
51843	96918	1
51843	96947	1
51843	96962	1
51843	96974	1
51843	96969	1
51843	92438	1
51843	93543	1
51843	96952	1
51843	96926	1
51843	96967	1
51843	96959	1
51843	96936	1
51843	96943	1
51843	96975	1
51843	96949	1
51843	96933	1
51843	96961	1
51843	96971	1
51843	96953	1
51843	96965	1
51843	87297	1
51843	96917	1
53852	54121	1
53852	96976	1
53852	96970	1
53852	96968	1
53852	96978	1
53852	96960	1
53852	96951	1
53852	96927	1
53852	96973	1
53852	96929	1
53852	85678	1
53852	96957	1
53852	96930	1
53852	95395	1
53852	96940	1
53852	96941	1
53852	96955	1
53852	96946	1
53852	96980	1
53852	96925	1
53852	96964	1
53852	96931	1
53852	96922	1
53852	96966	1
53852	96918	1
53852	96947	1
53852	96962	1
53852	96974	1
53852	96969	1
53852	92438	1
53852	93543	1
53852	96952	1
53852	96926	1
53852	96967	1
53852	96959	1
53852	96936	1
53852	96943	1
53852	96975	1
53852	96949	1
53852	96933	1
53852	96961	1
53852	96971	1
53852	96953	1
53852	96965	1
53852	87297	1
53852	96917	1
54121	96976	1
54121	96968	1
54121	96970	1
54121	96978	1
54121	96960	1
54121	96951	1
54121	96927	1
54121	96973	1
54121	96929	1
54121	85678	1
54121	96957	1
54121	96930	1
54121	95395	1
54121	96940	1
54121	96941	1
54121	96955	1
54121	96946	1
54121	96980	1
54121	96925	1
54121	96964	1
54121	96931	1
54121	96922	1
54121	96966	1
54121	96918	1
54121	96947	1
54121	96962	1
54121	96974	1
54121	96969	1
54121	92438	1
54121	93543	1
54121	96952	1
54121	96926	1
54121	96967	1
54121	96959	1
54121	96936	1
54121	96943	1
54121	96975	1
54121	96949	1
54121	96933	1
54121	96961	1
54121	96971	1
54121	96953	1
54121	96965	1
54121	87297	1
54121	96917	1
70329	96976	1
70329	96924	1
70329	96968	1
70329	96945	1
70329	96960	1
70329	96963	1
70329	96929	1
70329	85678	1
70329	96957	1
70329	96921	1
70329	96940	1
70329	96972	1
70329	96948	1
70329	96942	1
70329	96925	1
70329	96931	1
70329	96922	1
70329	96954	1
70329	96918	1
70329	96923	1
70329	96947	1
70329	96981	1
70329	96937	1
70329	96934	1
70329	96974	1
70329	96938	1
70329	92438	1
70329	96926	1
70329	96944	1
70329	71933	1
70329	96977	1
70329	96950	1
70329	96919	1
70329	96979	1
70329	96932	1
70329	96939	1
70329	96936	1
70329	96958	1
70329	96935	1
70329	96975	1
70329	96933	1
70329	96920	1
70329	96971	1
70329	96953	1
70329	96928	1
70329	96956	1
70329	96917	1
71933	96981	1
71933	96957	1
71933	96942	1
71933	96934	1
71933	96940	1
71933	96954	1
71933	96976	1
71933	96924	1
71933	92438	1
71933	96947	1
71933	96974	1
71933	96972	1
71933	96929	1
71933	96960	1
71933	96938	1
71933	85678	1
71933	96944	1
71933	96937	1
71933	96968	1
71933	96948	1
71933	96963	1
71933	96923	1
71933	96926	1
71933	96922	1
71933	96921	1
71933	96945	1
71933	96925	1
71933	96918	1
71933	96931	1
71933	96977	1
71933	96950	1
71933	96919	1
71933	96979	1
71933	96932	1
71933	96939	1
71933	96936	1
71933	96958	1
71933	96935	1
71933	96975	1
71933	96933	1
71933	96920	1
71933	96971	1
71933	96953	1
71933	96928	1
71933	96956	1
71933	96917	1
76726	97911	2
76726	97909	2
76726	97908	2
76726	80522	2
76726	97906	2
76726	97904	2
76726	97903	2
76726	97900	2
76726	97897	2
76726	97894	2
76726	97893	2
76726	97892	2
76726	97891	2
76726	97888	2
76726	97887	2
76726	97886	2
76726	97883	2
76726	97882	2
76726	97881	2
76726	97880	2
76726	97879	2
76726	97878	2
76726	97875	2
76726	97874	2
76726	97873	2
76726	97872	2
76726	97871	2
76726	97870	2
76726	97866	2
76726	97864	2
76726	97885	2
76726	97877	2
76726	97867	2
76726	97910	2
76726	80527	2
76726	97868	2
76726	97895	2
76726	97884	2
76726	97901	2
76726	97889	2
76726	97899	2
76726	97896	2
76726	97907	2
76726	97898	2
76726	97912	2
76726	97869	2
76726	97863	2
76726	97865	2
76726	97902	2
76726	80510	2
76726	97890	2
76726	97876	2
76726	97862	2
76726	97905	2
76726	97861	2
80510	97912	2
80510	97911	2
80510	97909	2
80510	80522	2
80510	97903	2
80510	97899	2
80510	97897	2
80510	97880	2
80510	97874	2
80510	97865	2
80510	97866	2
80510	97901	2
80510	97896	2
80510	97907	2
80510	97893	2
80510	97885	2
80510	97884	2
80510	97883	2
80510	97882	2
80510	97875	2
80510	97868	2
80510	97863	2
80510	97900	2
80510	97898	2
80510	97894	2
80510	97892	2
80510	97891	2
80510	97888	2
80510	97881	2
80510	97904	2
80510	97878	2
80510	97869	2
80510	80527	2
80510	97910	2
80510	97908	2
80510	97902	2
80510	97870	2
80510	97895	2
80510	97906	2
80510	97889	2
80510	97887	2
80510	97886	2
80510	97879	2
80510	97877	2
80510	97873	2
80510	97872	2
80510	97871	2
80510	97867	2
80510	97864	2
80510	97890	2
80510	97876	2
80510	97862	2
80510	97905	2
80510	97861	2
80522	97911	2
80522	97909	2
80522	97903	2
80522	97897	2
80522	97874	2
80522	97880	2
80522	97866	2
80522	97883	2
80522	97875	2
80522	97900	2
80522	97894	2
80522	97892	2
80522	97891	2
80522	97881	2
80522	97878	2
80522	97908	2
80522	97870	2
80522	97906	2
80522	97887	2
80522	97886	2
80522	97879	2
80522	97872	2
80522	97871	2
80522	97864	2
80522	97888	2
80522	97904	2
80522	97882	2
80522	97873	2
80522	97893	2
80522	97885	2
80522	97877	2
80522	97867	2
80522	97910	2
80522	80527	2
80522	97868	2
80522	97895	2
80522	97884	2
80522	97901	2
80522	97889	2
80522	97899	2
80522	97896	2
80522	97907	2
80522	97898	2
80522	97912	2
80522	97869	2
80522	97863	2
80522	97865	2
80522	97902	2
80522	97890	2
80522	97876	2
80522	97862	2
80522	97905	2
80522	97861	2
80527	97911	2
80527	97909	2
80527	97903	2
80527	97897	2
80527	97880	2
80527	97874	2
80527	97866	2
80527	97893	2
80527	97885	2
80527	97883	2
80527	97882	2
80527	97875	2
80527	97900	2
80527	97894	2
80527	97892	2
80527	97891	2
80527	97888	2
80527	97881	2
80527	97904	2
80527	97878	2
80527	97910	2
80527	97908	2
80527	97870	2
80527	97906	2
80527	97887	2
80527	97886	2
80527	97879	2
80527	97877	2
80527	97873	2
80527	97872	2
80527	97871	2
80527	97867	2
80527	97864	2
80527	97868	2
80527	97895	2
80527	97884	2
80527	97901	2
80527	97889	2
80527	97899	2
80527	97896	2
80527	97907	2
80527	97898	2
80527	97912	2
80527	97869	2
80527	97863	2
80527	97865	2
80527	97902	2
80527	97890	2
80527	97876	2
80527	97862	2
80527	97905	2
80527	97861	2
85678	96978	1
85678	96976	1
85678	96973	1
85678	96970	1
85678	96968	1
85678	96963	1
85678	96951	1
85678	96929	1
85678	96945	1
85678	96960	1
85678	96927	1
85678	96924	1
85678	96957	1
85678	96930	1
85678	96921	1
85678	95395	1
85678	96940	1
85678	96941	1
85678	96972	1
85678	96948	1
85678	96955	1
85678	96946	1
85678	96980	1
85678	96942	1
85678	96925	1
85678	96964	1
85678	96931	1
85678	96922	1
85678	96954	1
85678	96966	1
85678	96918	1
85678	96923	1
85678	96947	1
85678	96981	1
85678	96937	1
85678	96934	1
85678	96962	1
85678	96974	1
85678	96938	1
85678	96969	1
85678	92438	1
85678	93543	1
85678	96952	1
85678	96926	1
85678	96967	1
85678	96944	1
85678	96977	1
85678	96950	1
85678	96919	1
85678	96959	1
85678	96979	1
85678	96932	1
85678	96939	1
85678	96936	1
85678	96958	1
85678	96935	1
85678	96943	1
85678	96975	1
85678	96949	1
85678	96933	1
85678	96961	1
85678	96920	1
85678	96971	1
85678	96953	1
85678	96928	1
85678	96956	1
85678	96965	1
85678	87297	1
85678	96917	1
87297	96961	1
87297	96960	1
87297	96946	1
87297	96957	1
87297	96943	1
87297	96978	1
87297	95395	1
87297	93543	1
87297	96941	1
87297	96980	1
87297	96940	1
87297	96959	1
87297	96955	1
87297	96953	1
87297	92438	1
87297	96930	1
87297	96975	1
87297	96974	1
87297	96973	1
87297	96929	1
87297	96964	1
87297	96971	1
87297	96970	1
87297	96927	1
87297	96952	1
87297	96926	1
87297	96951	1
87297	96969	1
87297	96936	1
87297	96968	1
87297	96933	1
87297	96967	1
87297	96966	1
87297	96922	1
87297	96976	1
87297	96949	1
87297	96965	1
87297	96947	1
87297	96925	1
87297	96918	1
87297	96931	1
87297	96962	1
87297	96917	1
92438	96981	1
92438	96980	1
92438	96978	1
92438	96976	1
92438	96974	1
92438	96973	1
92438	96972	1
92438	96970	1
92438	96969	1
92438	96968	1
92438	96966	1
92438	96964	1
92438	96963	1
92438	96962	1
92438	96960	1
92438	96957	1
92438	96955	1
92438	96954	1
92438	96951	1
92438	96948	1
92438	96947	1
92438	96946	1
92438	96945	1
92438	96942	1
92438	96941	1
92438	96940	1
92438	96938	1
92438	96937	1
92438	96934	1
92438	96931	1
92438	96922	1
92438	95395	1
92438	96930	1
92438	96929	1
92438	96927	1
92438	96925	1
92438	96924	1
92438	96923	1
92438	96921	1
92438	96918	1
92438	93543	1
92438	96952	1
92438	96926	1
92438	96967	1
92438	96944	1
92438	96977	1
92438	96950	1
92438	96919	1
92438	96959	1
92438	96979	1
92438	96932	1
92438	96939	1
92438	96936	1
92438	96958	1
92438	96935	1
92438	96943	1
92438	96975	1
92438	96949	1
92438	96933	1
92438	96961	1
92438	96920	1
92438	96971	1
92438	96953	1
92438	96928	1
92438	96956	1
92438	96965	1
92438	96917	1
93543	96960	1
93543	96946	1
93543	96957	1
93543	96978	1
93543	95395	1
93543	96941	1
93543	96980	1
93543	96940	1
93543	96955	1
93543	96930	1
93543	96974	1
93543	96973	1
93543	96929	1
93543	96964	1
93543	96970	1
93543	96927	1
93543	96951	1
93543	96969	1
93543	96968	1
93543	96966	1
93543	96922	1
93543	96976	1
93543	96947	1
93543	96925	1
93543	96918	1
93543	96931	1
93543	96962	1
93543	96952	1
93543	96926	1
93543	96967	1
93543	96959	1
93543	96936	1
93543	96943	1
93543	96975	1
93543	96949	1
93543	96933	1
93543	96961	1
93543	96971	1
93543	96953	1
93543	96965	1
93543	96917	1
95395	96978	1
95395	96976	1
95395	96973	1
95395	96970	1
95395	96968	1
95395	96957	1
95395	96951	1
95395	96929	1
95395	96930	1
95395	96960	1
95395	96927	1
95395	96940	1
95395	96941	1
95395	96955	1
95395	96946	1
95395	96980	1
95395	96925	1
95395	96964	1
95395	96931	1
95395	96922	1
95395	96966	1
95395	96918	1
95395	96947	1
95395	96962	1
95395	96974	1
95395	96969	1
95395	96952	1
95395	96926	1
95395	96967	1
95395	96959	1
95395	96936	1
95395	96943	1
95395	96975	1
95395	96949	1
95395	96933	1
95395	96961	1
95395	96971	1
95395	96953	1
95395	96965	1
95395	96917	1
96917	96981	1
96917	96980	1
96917	96979	1
96917	96978	1
96917	96977	1
96917	96976	1
96917	96975	1
96917	96974	1
96917	96973	1
96917	96972	1
96917	96971	1
96917	96970	1
96917	96969	1
96917	96968	1
96917	96967	1
96917	96966	1
96917	96965	1
96917	96964	1
96917	96963	1
96917	96962	1
96917	96961	1
96917	96960	1
96917	96959	1
96917	96958	1
96917	96957	1
96917	96956	1
96917	96955	1
96917	96954	1
96917	96953	1
96917	96952	1
96917	96951	1
96917	96950	1
96917	96949	1
96917	96948	1
96917	96947	1
96917	96946	1
96917	96945	1
96917	96944	1
96917	96943	1
96917	96942	1
96917	96941	1
96917	96940	1
96917	96939	1
96917	96938	1
96917	96937	1
96917	96936	1
96917	96935	1
96917	96934	1
96917	96933	1
96917	96932	1
96917	96931	1
96917	96930	1
96917	96929	1
96917	96928	1
96917	96927	1
96917	96926	1
96917	96925	1
96917	96924	1
96917	96923	1
96917	96922	1
96917	96921	1
96917	96920	1
96917	96919	1
96917	96918	1
96918	96980	1
96918	96978	1
96918	96976	1
96918	96973	1
96918	96972	1
96918	96970	1
96918	96968	1
96918	96966	1
96918	96964	1
96918	96963	1
96918	96960	1
96918	96957	1
96918	96955	1
96918	96954	1
96918	96951	1
96918	96948	1
96918	96946	1
96918	96945	1
96918	96942	1
96918	96941	1
96918	96940	1
96918	96931	1
96918	96922	1
96918	96930	1
96918	96929	1
96918	96927	1
96918	96925	1
96918	96924	1
96918	96921	1
96918	96923	1
96918	96947	1
96918	96981	1
96918	96937	1
96918	96934	1
96918	96962	1
96918	96974	1
96918	96938	1
96918	96969	1
96918	96952	1
96918	96926	1
96918	96967	1
96918	96944	1
96918	96977	1
96918	96950	1
96918	96919	1
96918	96959	1
96918	96979	1
96918	96932	1
96918	96939	1
96918	96936	1
96918	96958	1
96918	96935	1
96918	96943	1
96918	96975	1
96918	96949	1
96918	96933	1
96918	96961	1
96918	96920	1
96918	96971	1
96918	96953	1
96918	96928	1
96918	96956	1
96918	96965	1
96919	96981	1
96919	96957	1
96919	96940	1
96919	96954	1
96919	96976	1
96919	96924	1
96919	96947	1
96919	96974	1
96919	96973	1
96919	96972	1
96919	96929	1
96919	96960	1
96919	96938	1
96919	96977	1
96919	96926	1
96919	96944	1
96919	96937	1
96919	96950	1
96919	96968	1
96919	96934	1
96919	96963	1
96919	96923	1
96919	96942	1
96919	96922	1
96919	96948	1
96919	96921	1
96919	96945	1
96919	96925	1
96919	96931	1
96919	96979	1
96919	96932	1
96919	96939	1
96919	96936	1
96919	96958	1
96919	96935	1
96919	96975	1
96919	96933	1
96919	96920	1
96919	96971	1
96919	96953	1
96919	96928	1
96919	96956	1
96920	96981	1
96920	96960	1
96920	96958	1
96920	96957	1
96920	96979	1
96920	96942	1
96920	96940	1
96920	96939	1
96920	96954	1
96920	96976	1
96920	96924	1
96920	96947	1
96920	96975	1
96920	96974	1
96920	96972	1
96920	96929	1
96920	96938	1
96920	96977	1
96920	96926	1
96920	96925	1
96920	96937	1
96920	96936	1
96920	96950	1
96920	96935	1
96920	96968	1
96920	96934	1
96920	96933	1
96920	96963	1
96920	96923	1
96920	96932	1
96920	96922	1
96920	96948	1
96920	96921	1
96920	96945	1
96920	96944	1
96920	96931	1
96920	96971	1
96920	96953	1
96920	96928	1
96920	96956	1
96921	96960	1
96921	96957	1
96921	96976	1
96921	96924	1
96921	96929	1
96921	96968	1
96921	96963	1
96921	96945	1
96921	96940	1
96921	96972	1
96921	96948	1
96921	96942	1
96921	96925	1
96921	96931	1
96921	96922	1
96921	96954	1
96921	96923	1
96921	96947	1
96921	96981	1
96921	96937	1
96921	96934	1
96921	96974	1
96921	96938	1
96921	96926	1
96921	96944	1
96921	96977	1
96921	96950	1
96921	96979	1
96921	96932	1
96921	96939	1
96921	96936	1
96921	96958	1
96921	96935	1
96921	96975	1
96921	96933	1
96921	96971	1
96921	96953	1
96921	96928	1
96921	96956	1
96922	96980	1
96922	96978	1
96922	96976	1
96922	96973	1
96922	96972	1
96922	96930	1
96922	96968	1
96922	96963	1
96922	96957	1
96922	96955	1
96922	96964	1
96922	96951	1
96922	96948	1
96922	96946	1
96922	96945	1
96922	96925	1
96922	96942	1
96922	96941	1
96922	96940	1
96922	96931	1
96922	96970	1
96922	96929	1
96922	96960	1
96922	96927	1
96922	96924	1
96922	96954	1
96922	96966	1
96922	96923	1
96922	96947	1
96922	96981	1
96922	96937	1
96922	96934	1
96922	96962	1
96922	96974	1
96922	96938	1
96922	96969	1
96922	96952	1
96922	96926	1
96922	96967	1
96922	96944	1
96922	96977	1
96922	96950	1
96922	96959	1
96922	96979	1
96922	96932	1
96922	96939	1
96922	96936	1
96922	96958	1
96922	96935	1
96922	96943	1
96922	96975	1
96922	96949	1
96922	96933	1
96922	96961	1
96922	96971	1
96922	96953	1
96922	96928	1
96922	96956	1
96922	96965	1
96923	96957	1
96923	96942	1
96923	96940	1
96923	96954	1
96923	96976	1
96923	96924	1
96923	96972	1
96923	96929	1
96923	96960	1
96923	96968	1
96923	96963	1
96923	96948	1
96923	96945	1
96923	96925	1
96923	96931	1
96923	96947	1
96923	96981	1
96923	96937	1
96923	96934	1
96923	96974	1
96923	96938	1
96923	96926	1
96923	96944	1
96923	96977	1
96923	96950	1
96923	96979	1
96923	96932	1
96923	96939	1
96923	96936	1
96923	96958	1
96923	96935	1
96923	96975	1
96923	96933	1
96923	96971	1
96923	96953	1
96923	96928	1
96923	96956	1
96924	96976	1
96924	96968	1
96924	96945	1
96924	96960	1
96924	96963	1
96924	96929	1
96924	96957	1
96924	96940	1
96924	96972	1
96924	96948	1
96924	96942	1
96924	96925	1
96924	96931	1
96924	96954	1
96924	96947	1
96924	96981	1
96924	96937	1
96924	96934	1
96924	96974	1
96924	96938	1
96924	96926	1
96924	96944	1
96924	96977	1
96924	96950	1
96924	96979	1
96924	96932	1
96924	96939	1
96924	96936	1
96924	96958	1
96924	96935	1
96924	96975	1
96924	96933	1
96924	96971	1
96924	96953	1
96924	96928	1
96924	96956	1
96925	96980	1
96925	96978	1
96925	96976	1
96925	96973	1
96925	96972	1
96925	96970	1
96925	96968	1
96925	96963	1
96925	96957	1
96925	96955	1
96925	96951	1
96925	96948	1
96925	96946	1
96925	96945	1
96925	96942	1
96925	96941	1
96925	96940	1
96925	96930	1
96925	96929	1
96925	96960	1
96925	96927	1
96925	96964	1
96925	96931	1
96925	96954	1
96925	96966	1
96925	96947	1
96925	96981	1
96925	96937	1
96925	96934	1
96925	96962	1
96925	96974	1
96925	96938	1
96925	96969	1
96925	96952	1
96925	96926	1
96925	96967	1
96925	96944	1
96925	96977	1
96925	96950	1
96925	96959	1
96925	96979	1
96925	96932	1
96925	96939	1
96925	96936	1
96925	96958	1
96925	96935	1
96925	96943	1
96925	96975	1
96925	96949	1
96925	96933	1
96925	96961	1
96925	96971	1
96925	96953	1
96925	96928	1
96925	96956	1
96925	96965	1
96926	96981	1
96926	96980	1
96926	96978	1
96926	96976	1
96926	96974	1
96926	96973	1
96926	96972	1
96926	96970	1
96926	96969	1
96926	96968	1
96926	96966	1
96926	96964	1
96926	96963	1
96926	96962	1
96926	96960	1
96926	96957	1
96926	96955	1
96926	96954	1
96926	96952	1
96926	96951	1
96926	96948	1
96926	96947	1
96926	96946	1
96926	96945	1
96926	96942	1
96926	96941	1
96926	96940	1
96926	96938	1
96926	96937	1
96926	96934	1
96926	96931	1
96926	96930	1
96926	96929	1
96926	96927	1
96926	96967	1
96926	96944	1
96926	96977	1
96926	96950	1
96926	96959	1
96926	96979	1
96926	96932	1
96926	96939	1
96926	96936	1
96926	96958	1
96926	96935	1
96926	96943	1
96926	96975	1
96926	96949	1
96926	96933	1
96926	96961	1
96926	96971	1
96926	96953	1
96926	96928	1
96926	96956	1
96926	96965	1
96927	96978	1
96927	96951	1
96927	96960	1
96927	96970	1
96927	96968	1
96927	96976	1
96927	96973	1
96927	96929	1
96927	96957	1
96927	96930	1
96927	96940	1
96927	96941	1
96927	96955	1
96927	96946	1
96927	96980	1
96927	96964	1
96927	96931	1
96927	96966	1
96927	96947	1
96927	96962	1
96927	96974	1
96927	96938	1
96927	96969	1
96927	96952	1
96927	96967	1
96927	96959	1
96927	96936	1
96927	96943	1
96927	96975	1
96927	96949	1
96927	96933	1
96927	96961	1
96927	96971	1
96927	96953	1
96927	96965	1
96928	96981	1
96928	96960	1
96928	96958	1
96928	96957	1
96928	96979	1
96928	96942	1
96928	96940	1
96928	96939	1
96928	96954	1
96928	96976	1
96928	96947	1
96928	96975	1
96928	96974	1
96928	96953	1
96928	96972	1
96928	96929	1
96928	96971	1
96928	96938	1
96928	96977	1
96928	96937	1
96928	96936	1
96928	96950	1
96928	96935	1
96928	96968	1
96928	96934	1
96928	96933	1
96928	96963	1
96928	96932	1
96928	96948	1
96928	96945	1
96928	96944	1
96928	96931	1
96928	96956	1
96929	96978	1
96929	96976	1
96929	96973	1
96929	96968	1
96929	96963	1
96929	96960	1
96929	96951	1
96929	96970	1
96929	96945	1
96929	96957	1
96929	96930	1
96929	96940	1
96929	96941	1
96929	96972	1
96929	96948	1
96929	96955	1
96929	96946	1
96929	96980	1
96929	96942	1
96929	96964	1
96929	96931	1
96929	96954	1
96929	96966	1
96929	96947	1
96929	96981	1
96929	96937	1
96929	96934	1
96929	96962	1
96929	96974	1
96929	96938	1
96929	96969	1
96929	96952	1
96929	96967	1
96929	96944	1
96929	96977	1
96929	96950	1
96929	96959	1
96929	96979	1
96929	96932	1
96929	96939	1
96929	96936	1
96929	96958	1
96929	96935	1
96929	96943	1
96929	96975	1
96929	96949	1
96929	96933	1
96929	96961	1
96929	96971	1
96929	96953	1
96929	96956	1
96929	96965	1
96930	96960	1
96930	96957	1
96930	96978	1
96930	96973	1
96930	96970	1
96930	96951	1
96930	96968	1
96930	96976	1
96930	96940	1
96930	96941	1
96930	96955	1
96930	96946	1
96930	96980	1
96930	96964	1
96930	96931	1
96930	96966	1
96930	96947	1
96930	96962	1
96930	96974	1
96930	96969	1
96930	96952	1
96930	96967	1
96930	96959	1
96930	96936	1
96930	96943	1
96930	96975	1
96930	96949	1
96930	96933	1
96930	96961	1
96930	96971	1
96930	96953	1
96930	96965	1
96931	96980	1
96931	96978	1
96931	96976	1
96931	96973	1
96931	96972	1
96931	96970	1
96931	96968	1
96931	96964	1
96931	96963	1
96931	96957	1
96931	96955	1
96931	96951	1
96931	96948	1
96931	96946	1
96931	96945	1
96931	96942	1
96931	96941	1
96931	96940	1
96931	96960	1
96931	96954	1
96931	96966	1
96931	96947	1
96931	96981	1
96931	96937	1
96931	96934	1
96931	96962	1
96931	96974	1
96931	96938	1
96931	96969	1
96931	96952	1
96931	96967	1
96931	96944	1
96931	96977	1
96931	96950	1
96931	96959	1
96931	96979	1
96931	96932	1
96931	96939	1
96931	96936	1
96931	96958	1
96931	96935	1
96931	96943	1
96931	96975	1
96931	96949	1
96931	96933	1
96931	96961	1
96931	96971	1
96931	96953	1
96931	96956	1
96931	96965	1
96932	96981	1
96932	96960	1
96932	96957	1
96932	96979	1
96932	96942	1
96932	96940	1
96932	96954	1
96932	96976	1
96932	96947	1
96932	96974	1
96932	96972	1
96932	96938	1
96932	96977	1
96932	96937	1
96932	96950	1
96932	96968	1
96932	96934	1
96932	96963	1
96932	96948	1
96932	96945	1
96932	96944	1
96932	96939	1
96932	96936	1
96932	96958	1
96932	96935	1
96932	96975	1
96932	96933	1
96932	96971	1
96932	96953	1
96932	96956	1
96933	96981	1
96933	96980	1
96933	96979	1
96933	96978	1
96933	96977	1
96933	96976	1
96933	96975	1
96933	96974	1
96933	96973	1
96933	96972	1
96933	96970	1
96933	96969	1
96933	96968	1
96933	96967	1
96933	96966	1
96933	96964	1
96933	96963	1
96933	96962	1
96933	96959	1
96933	96958	1
96933	96957	1
96933	96955	1
96933	96954	1
96933	96952	1
96933	96951	1
96933	96950	1
96933	96949	1
96933	96948	1
96933	96947	1
96933	96946	1
96933	96945	1
96933	96944	1
96933	96943	1
96933	96942	1
96933	96941	1
96933	96940	1
96933	96939	1
96933	96938	1
96933	96937	1
96933	96936	1
96933	96935	1
96933	96934	1
96933	96960	1
96933	96961	1
96933	96971	1
96933	96953	1
96933	96956	1
96933	96965	1
96934	96981	1
96934	96960	1
96934	96957	1
96934	96942	1
96934	96940	1
96934	96954	1
96934	96976	1
96934	96947	1
96934	96972	1
96934	96937	1
96934	96968	1
96934	96963	1
96934	96948	1
96934	96945	1
96934	96974	1
96934	96938	1
96934	96944	1
96934	96977	1
96934	96950	1
96934	96979	1
96934	96939	1
96934	96936	1
96934	96958	1
96934	96935	1
96934	96975	1
96934	96971	1
96934	96953	1
96934	96956	1
96935	96981	1
96935	96960	1
96935	96958	1
96935	96957	1
96935	96979	1
96935	96942	1
96935	96940	1
96935	96939	1
96935	96954	1
96935	96976	1
96935	96947	1
96935	96974	1
96935	96972	1
96935	96938	1
96935	96977	1
96935	96937	1
96935	96936	1
96935	96950	1
96935	96968	1
96935	96963	1
96935	96948	1
96935	96945	1
96935	96944	1
96935	96975	1
96935	96971	1
96935	96953	1
96935	96956	1
96936	96981	1
96936	96980	1
96936	96979	1
96936	96978	1
96936	96977	1
96936	96976	1
96936	96974	1
96936	96973	1
96936	96972	1
96936	96969	1
96936	96968	1
96936	96967	1
96936	96966	1
96936	96964	1
96936	96963	1
96936	96962	1
96936	96959	1
96936	96957	1
96936	96955	1
96936	96954	1
96936	96952	1
96936	96951	1
96936	96950	1
96936	96948	1
96936	96947	1
96936	96945	1
96936	96942	1
96936	96941	1
96936	96940	1
96936	96939	1
96936	96938	1
96936	96937	1
96936	96970	1
96936	96946	1
96936	96960	1
96936	96944	1
96936	96958	1
96936	96943	1
96936	96975	1
96936	96949	1
96936	96961	1
96936	96971	1
96936	96953	1
96936	96956	1
96936	96965	1
96937	96981	1
96937	96957	1
96937	96942	1
96937	96954	1
96937	96976	1
96937	96947	1
96937	96972	1
96937	96960	1
96937	96940	1
96937	96968	1
96937	96963	1
96937	96948	1
96937	96945	1
96937	96974	1
96937	96938	1
96937	96944	1
96937	96977	1
96937	96950	1
96937	96979	1
96937	96939	1
96937	96958	1
96937	96975	1
96937	96971	1
96937	96953	1
96937	96956	1
96938	96981	1
96938	96957	1
96938	96942	1
96938	96940	1
96938	96976	1
96938	96947	1
96938	96974	1
96938	96972	1
96938	96960	1
96938	96968	1
96938	96963	1
96938	96954	1
96938	96948	1
96938	96945	1
96938	96969	1
96938	96944	1
96938	96977	1
96938	96950	1
96938	96979	1
96938	96939	1
96938	96958	1
96938	96975	1
96938	96971	1
96938	96953	1
96938	96956	1
96939	96981	1
96939	96957	1
96939	96979	1
96939	96942	1
96939	96940	1
96939	96976	1
96939	96947	1
96939	96974	1
96939	96973	1
96939	96972	1
96939	96960	1
96939	96977	1
96939	96944	1
96939	96950	1
96939	96968	1
96939	96963	1
96939	96954	1
96939	96948	1
96939	96945	1
96939	96958	1
96939	96975	1
96939	96971	1
96939	96953	1
96939	96956	1
96940	96978	1
96940	96976	1
96940	96968	1
96940	96963	1
96940	96957	1
96940	96951	1
96940	96945	1
96940	96973	1
96940	96970	1
96940	96960	1
96940	96941	1
96940	96972	1
96940	96948	1
96940	96955	1
96940	96946	1
96940	96980	1
96940	96942	1
96940	96964	1
96940	96954	1
96940	96966	1
96940	96947	1
96940	96981	1
96940	96962	1
96940	96974	1
96940	96969	1
96940	96952	1
96940	96967	1
96940	96944	1
96940	96977	1
96940	96950	1
96940	96959	1
96940	96979	1
96940	96958	1
96940	96943	1
96940	96975	1
96940	96949	1
96940	96961	1
96940	96971	1
96940	96953	1
96940	96956	1
96940	96965	1
96941	96960	1
96941	96957	1
96941	96978	1
96941	96973	1
96941	96970	1
96941	96951	1
96941	96968	1
96941	96976	1
96941	96955	1
96941	96946	1
96941	96980	1
96941	96964	1
96941	96966	1
96941	96947	1
96941	96962	1
96941	96974	1
96941	96969	1
96941	96952	1
96941	96967	1
96941	96959	1
96941	96943	1
96941	96975	1
96941	96949	1
96941	96961	1
96941	96971	1
96941	96953	1
96941	96965	1
96942	96960	1
96942	96957	1
96942	96976	1
96942	96972	1
96942	96968	1
96942	96963	1
96942	96948	1
96942	96945	1
96942	96954	1
96942	96947	1
96942	96981	1
96942	96974	1
96942	96944	1
96942	96977	1
96942	96950	1
96942	96979	1
96942	96958	1
96942	96975	1
96942	96971	1
96942	96953	1
96942	96956	1
96943	96960	1
96943	96946	1
96943	96957	1
96943	96978	1
96943	96980	1
96943	96959	1
96943	96955	1
96943	96974	1
96943	96973	1
96943	96964	1
96943	96970	1
96943	96952	1
96943	96951	1
96943	96969	1
96943	96968	1
96943	96967	1
96943	96966	1
96943	96976	1
96943	96947	1
96943	96962	1
96943	96975	1
96943	96949	1
96943	96961	1
96943	96971	1
96943	96953	1
96943	96965	1
96944	96981	1
96944	96960	1
96944	96957	1
96944	96954	1
96944	96976	1
96944	96947	1
96944	96974	1
96944	96972	1
96944	96968	1
96944	96963	1
96944	96948	1
96944	96945	1
96944	96977	1
96944	96950	1
96944	96979	1
96944	96958	1
96944	96975	1
96944	96971	1
96944	96953	1
96944	96956	1
96945	96976	1
96945	96968	1
96945	96960	1
96945	96963	1
96945	96957	1
96945	96972	1
96945	96948	1
96945	96954	1
96945	96947	1
96945	96981	1
96945	96974	1
96945	96977	1
96945	96950	1
96945	96979	1
96945	96958	1
96945	96975	1
96945	96971	1
96945	96953	1
96945	96956	1
96946	96960	1
96946	96976	1
96946	96957	1
96946	96978	1
96946	96955	1
96946	96973	1
96946	96970	1
96946	96951	1
96946	96968	1
96946	96980	1
96946	96964	1
96946	96966	1
96946	96947	1
96946	96962	1
96946	96974	1
96946	96969	1
96946	96952	1
96946	96967	1
96946	96959	1
96946	96975	1
96946	96949	1
96946	96961	1
96946	96971	1
96946	96953	1
96946	96965	1
96947	96980	1
96947	96978	1
96947	96976	1
96947	96973	1
96947	96972	1
96947	96970	1
96947	96968	1
96947	96966	1
96947	96964	1
96947	96963	1
96947	96957	1
96947	96955	1
96947	96954	1
96947	96951	1
96947	96948	1
96947	96960	1
96947	96981	1
96947	96962	1
96947	96974	1
96947	96969	1
96947	96952	1
96947	96967	1
96947	96977	1
96947	96950	1
96947	96959	1
96947	96979	1
96947	96958	1
96947	96975	1
96947	96949	1
96947	96961	1
96947	96971	1
96947	96953	1
96947	96956	1
96947	96965	1
96948	96957	1
96948	96976	1
96948	96972	1
96948	96960	1
96948	96968	1
96948	96963	1
96948	96954	1
96948	96981	1
96948	96974	1
96948	96977	1
96948	96950	1
96948	96979	1
96948	96958	1
96948	96975	1
96948	96971	1
96948	96953	1
96948	96956	1
96949	96960	1
96949	96957	1
96949	96978	1
96949	96955	1
96949	96980	1
96949	96975	1
96949	96974	1
96949	96973	1
96949	96964	1
96949	96959	1
96949	96970	1
96949	96951	1
96949	96969	1
96949	96968	1
96949	96967	1
96949	96952	1
96949	96966	1
96949	96976	1
96949	96962	1
96949	96961	1
96949	96971	1
96949	96953	1
96949	96965	1
96950	96981	1
96950	96960	1
96950	96957	1
96950	96954	1
96950	96976	1
96950	96974	1
96950	96972	1
96950	96977	1
96950	96968	1
96950	96963	1
96950	96979	1
96950	96958	1
96950	96975	1
96950	96971	1
96950	96953	1
96950	96956	1
96951	96960	1
96951	96978	1
96951	96970	1
96951	96968	1
96951	96976	1
96951	96973	1
96951	96957	1
96951	96955	1
96951	96980	1
96951	96964	1
96951	96966	1
96951	96962	1
96951	96974	1
96951	96969	1
96951	96952	1
96951	96967	1
96951	96959	1
96951	96975	1
96951	96961	1
96951	96971	1
96951	96953	1
96951	96965	1
96952	96960	1
96952	96957	1
96952	96978	1
96952	96980	1
96952	96955	1
96952	96974	1
96952	96973	1
96952	96964	1
96952	96970	1
96952	96969	1
96952	96968	1
96952	96966	1
96952	96976	1
96952	96962	1
96952	96967	1
96952	96959	1
96952	96975	1
96952	96961	1
96952	96971	1
96952	96953	1
96952	96965	1
96953	96981	1
96953	96980	1
96953	96979	1
96953	96978	1
96953	96977	1
96953	96976	1
96953	96974	1
96953	96973	1
96953	96971	1
96953	96970	1
96953	96969	1
96953	96968	1
96953	96967	1
96953	96966	1
96953	96964	1
96953	96963	1
96953	96962	1
96953	96961	1
96953	96958	1
96953	96957	1
96953	96955	1
96953	96954	1
96953	96959	1
96953	96975	1
96953	96972	1
96953	96960	1
96953	96956	1
96953	96965	1
96954	96957	1
96954	96963	1
96954	96976	1
96954	96972	1
96954	96960	1
96954	96968	1
96954	96981	1
96954	96974	1
96954	96977	1
96954	96979	1
96954	96958	1
96954	96975	1
96954	96971	1
96954	96956	1
96955	96957	1
96955	96978	1
96955	96973	1
96955	96960	1
96955	96970	1
96955	96968	1
96955	96976	1
96955	96980	1
96955	96964	1
96955	96966	1
96955	96962	1
96955	96974	1
96955	96969	1
96955	96967	1
96955	96959	1
96955	96975	1
96955	96961	1
96955	96971	1
96955	96965	1
96956	96981	1
96956	96958	1
96956	96957	1
96956	96979	1
96956	96976	1
96956	96975	1
96956	96974	1
96956	96971	1
96956	96960	1
96956	96977	1
96956	96968	1
96956	96963	1
96956	96972	1
96957	96978	1
96957	96976	1
96957	96973	1
96957	96970	1
96957	96968	1
96957	96963	1
96957	96960	1
96957	96972	1
96957	96980	1
96957	96964	1
96957	96966	1
96957	96981	1
96957	96962	1
96957	96974	1
96957	96969	1
96957	96967	1
96957	96977	1
96957	96959	1
96957	96979	1
96957	96958	1
96957	96975	1
96957	96961	1
96957	96971	1
96957	96965	1
96958	96981	1
96958	96960	1
96958	96979	1
96958	96976	1
96958	96974	1
96958	96972	1
96958	96977	1
96958	96968	1
96958	96963	1
96958	96975	1
96958	96971	1
96959	96978	1
96959	96980	1
96959	96966	1
96959	96974	1
96959	96973	1
96959	96964	1
96959	96960	1
96959	96970	1
96959	96968	1
96959	96967	1
96959	96976	1
96959	96962	1
96959	96969	1
96959	96975	1
96959	96961	1
96959	96971	1
96959	96965	1
96960	96978	1
96960	96976	1
96960	96970	1
96960	96968	1
96960	96963	1
96960	96973	1
96960	96972	1
96960	96980	1
96960	96964	1
96960	96966	1
96960	96981	1
96960	96962	1
96960	96974	1
96960	96969	1
96960	96967	1
96960	96977	1
96960	96979	1
96960	96975	1
96960	96961	1
96960	96971	1
96960	96965	1
96961	96978	1
96961	96980	1
96961	96975	1
96961	96974	1
96961	96973	1
96961	96964	1
96961	96970	1
96961	96969	1
96961	96968	1
96961	96967	1
96961	96966	1
96961	96976	1
96961	96962	1
96961	96971	1
96961	96965	1
96962	96978	1
96962	96980	1
96962	96973	1
96962	96964	1
96962	96970	1
96962	96968	1
96962	96966	1
96962	96976	1
96962	96974	1
96962	96969	1
96962	96967	1
96962	96975	1
96962	96971	1
96962	96965	1
96963	96976	1
96963	96968	1
96963	96972	1
96963	96981	1
96963	96974	1
96963	96977	1
96963	96979	1
96963	96975	1
96963	96971	1
96964	96978	1
96964	96980	1
96964	96973	1
96964	96970	1
96964	96968	1
96964	96976	1
96964	96966	1
96964	96974	1
96964	96969	1
96964	96967	1
96964	96975	1
96964	96971	1
96964	96965	1
96965	96978	1
96965	96980	1
96965	96975	1
96965	96974	1
96965	96973	1
96965	96971	1
96965	96970	1
96965	96969	1
96965	96968	1
96965	96967	1
96965	96966	1
96965	96976	1
96966	96978	1
96966	96980	1
96966	96973	1
96966	96970	1
96966	96968	1
96966	96976	1
96966	96974	1
96966	96969	1
96966	96967	1
96966	96975	1
96966	96971	1
96967	96980	1
96967	96978	1
96967	96976	1
96967	96974	1
96967	96973	1
96967	96970	1
96967	96969	1
96967	96968	1
96967	96975	1
96967	96971	1
96968	96976	1
96968	96970	1
96968	96978	1
96968	96973	1
96968	96972	1
96968	96980	1
96968	96981	1
96968	96974	1
96968	96969	1
96968	96977	1
96968	96979	1
96968	96975	1
96968	96971	1
96969	96978	1
96969	96974	1
96969	96970	1
96969	96980	1
96969	96976	1
96969	96973	1
96969	96975	1
96969	96971	1
96970	96976	1
96970	96978	1
96970	96973	1
96970	96980	1
96970	96974	1
96970	96975	1
96970	96971	1
96971	96981	1
96971	96980	1
96971	96979	1
96971	96978	1
96971	96977	1
96971	96976	1
96971	96975	1
96971	96974	1
96971	96973	1
96971	96972	1
96972	96976	1
96972	96981	1
96972	96974	1
96972	96977	1
96972	96979	1
96972	96975	1
96973	96978	1
96973	96976	1
96973	96980	1
96973	96974	1
96973	96975	1
96974	96981	1
96974	96980	1
96974	96978	1
96974	96976	1
96974	96977	1
96974	96979	1
96974	96975	1
96975	96981	1
96975	96980	1
96975	96979	1
96975	96978	1
96975	96977	1
96975	96976	1
96976	96978	1
96976	96980	1
96976	96981	1
96976	96977	1
96976	96979	1
96977	96981	1
96977	96979	1
96978	96980	1
96979	96981	1
97861	97912	2
97861	97911	2
97861	97910	2
97861	97909	2
97861	97908	2
97861	97907	2
97861	97906	2
97861	97905	2
97861	97904	2
97861	97903	2
97861	97902	2
97861	97901	2
97861	97900	2
97861	97899	2
97861	97898	2
97861	97897	2
97861	97896	2
97861	97895	2
97861	97894	2
97861	97893	2
97861	97892	2
97861	97891	2
97861	97890	2
97861	97889	2
97861	97888	2
97861	97887	2
97861	97886	2
97861	97885	2
97861	97884	2
97861	97883	2
97861	97882	2
97861	97881	2
97861	97880	2
97861	97879	2
97861	97878	2
97861	97877	2
97861	97876	2
97861	97875	2
97861	97874	2
97861	97873	2
97861	97872	2
97861	97871	2
97861	97870	2
97861	97869	2
97861	97868	2
97861	97867	2
97861	97866	2
97861	97865	2
97861	97864	2
97861	97863	2
97861	97862	2
97862	97894	2
97862	97912	2
97862	97911	2
97862	97910	2
97862	97909	2
97862	97908	2
97862	97907	2
97862	97906	2
97862	97904	2
97862	97903	2
97862	97902	2
97862	97901	2
97862	97900	2
97862	97899	2
97862	97898	2
97862	97897	2
97862	97896	2
97862	97895	2
97862	97891	2
97862	97893	2
97862	97892	2
97862	97890	2
97862	97889	2
97862	97888	2
97862	97887	2
97862	97886	2
97862	97885	2
97862	97884	2
97862	97883	2
97862	97882	2
97862	97881	2
97862	97880	2
97862	97879	2
97862	97878	2
97862	97877	2
97862	97876	2
97862	97875	2
97862	97874	2
97862	97873	2
97862	97872	2
97862	97871	2
97862	97870	2
97862	97869	2
97862	97868	2
97862	97867	2
97862	97866	2
97862	97865	2
97862	97864	2
97862	97863	2
97862	97905	2
97863	97912	2
97863	97911	2
97863	97910	2
97863	97909	2
97863	97908	2
97863	97907	2
97863	97906	2
97863	97904	2
97863	97903	2
97863	97901	2
97863	97900	2
97863	97899	2
97863	97898	2
97863	97897	2
97863	97896	2
97863	97895	2
97863	97894	2
97863	97893	2
97863	97892	2
97863	97891	2
97863	97889	2
97863	97888	2
97863	97887	2
97863	97886	2
97863	97885	2
97863	97884	2
97863	97883	2
97863	97882	2
97863	97881	2
97863	97880	2
97863	97879	2
97863	97878	2
97863	97877	2
97863	97875	2
97863	97874	2
97863	97873	2
97863	97872	2
97863	97871	2
97863	97870	2
97863	97869	2
97863	97868	2
97863	97867	2
97863	97866	2
97863	97864	2
97863	97865	2
97863	97902	2
97863	97890	2
97863	97876	2
97863	97905	2
97864	97909	2
97864	97908	2
97864	97897	2
97864	97892	2
97864	97891	2
97864	97886	2
97864	97883	2
97864	97881	2
97864	97879	2
97864	97875	2
97864	97874	2
97864	97872	2
97864	97871	2
97864	97903	2
97864	97894	2
97864	97900	2
97864	97878	2
97864	97866	2
97864	97906	2
97864	97911	2
97864	97870	2
97864	97887	2
97864	97880	2
97864	97888	2
97864	97904	2
97864	97882	2
97864	97873	2
97864	97893	2
97864	97885	2
97864	97877	2
97864	97867	2
97864	97910	2
97864	97868	2
97864	97895	2
97864	97884	2
97864	97901	2
97864	97889	2
97864	97899	2
97864	97896	2
97864	97907	2
97864	97898	2
97864	97912	2
97864	97869	2
97864	97865	2
97864	97902	2
97864	97890	2
97864	97876	2
97864	97905	2
97865	97912	2
97865	97911	2
97865	97910	2
97865	97909	2
97865	97908	2
97865	97907	2
97865	97906	2
97865	97904	2
97865	97903	2
97865	97901	2
97865	97900	2
97865	97899	2
97865	97898	2
97865	97897	2
97865	97896	2
97865	97895	2
97865	97894	2
97865	97893	2
97865	97892	2
97865	97891	2
97865	97889	2
97865	97888	2
97865	97887	2
97865	97886	2
97865	97885	2
97865	97884	2
97865	97883	2
97865	97882	2
97865	97881	2
97865	97880	2
97865	97879	2
97865	97878	2
97865	97877	2
97865	97875	2
97865	97874	2
97865	97873	2
97865	97872	2
97865	97871	2
97865	97870	2
97865	97869	2
97865	97868	2
97865	97867	2
97865	97866	2
97865	97902	2
97865	97890	2
97865	97876	2
97865	97905	2
97866	97909	2
97866	97908	2
97866	97903	2
97866	97900	2
97866	97897	2
97866	97894	2
97866	97892	2
97866	97891	2
97866	97886	2
97866	97883	2
97866	97881	2
97866	97879	2
97866	97878	2
97866	97875	2
97866	97874	2
97866	97872	2
97866	97871	2
97866	97906	2
97866	97911	2
97866	97870	2
97866	97887	2
97866	97880	2
97866	97888	2
97866	97904	2
97866	97882	2
97866	97873	2
97866	97893	2
97866	97885	2
97866	97877	2
97866	97867	2
97866	97910	2
97866	97868	2
97866	97895	2
97866	97884	2
97866	97901	2
97866	97889	2
97866	97899	2
97866	97896	2
97866	97907	2
97866	97898	2
97866	97912	2
97866	97869	2
97866	97902	2
97866	97890	2
97866	97876	2
97866	97905	2
97867	97911	2
97867	97909	2
97867	97908	2
97867	97906	2
97867	97904	2
97867	97903	2
97867	97900	2
97867	97897	2
97867	97894	2
97867	97893	2
97867	97892	2
97867	97891	2
97867	97888	2
97867	97887	2
97867	97886	2
97867	97885	2
97867	97883	2
97867	97882	2
97867	97881	2
97867	97880	2
97867	97879	2
97867	97878	2
97867	97877	2
97867	97875	2
97867	97874	2
97867	97873	2
97867	97872	2
97867	97871	2
97867	97870	2
97867	97910	2
97867	97868	2
97867	97895	2
97867	97884	2
97867	97901	2
97867	97889	2
97867	97899	2
97867	97896	2
97867	97907	2
97867	97898	2
97867	97912	2
97867	97869	2
97867	97902	2
97867	97890	2
97867	97876	2
97867	97905	2
97868	97911	2
97868	97910	2
97868	97909	2
97868	97908	2
97868	97906	2
97868	97904	2
97868	97903	2
97868	97900	2
97868	97897	2
97868	97894	2
97868	97893	2
97868	97892	2
97868	97891	2
97868	97888	2
97868	97887	2
97868	97886	2
97868	97885	2
97868	97883	2
97868	97882	2
97868	97881	2
97868	97880	2
97868	97879	2
97868	97878	2
97868	97877	2
97868	97875	2
97868	97874	2
97868	97873	2
97868	97872	2
97868	97871	2
97868	97870	2
97868	97895	2
97868	97884	2
97868	97901	2
97868	97889	2
97868	97899	2
97868	97896	2
97868	97907	2
97868	97898	2
97868	97912	2
97868	97869	2
97868	97902	2
97868	97890	2
97868	97876	2
97868	97905	2
97869	97912	2
97869	97911	2
97869	97910	2
97869	97909	2
97869	97908	2
97869	97907	2
97869	97906	2
97869	97904	2
97869	97903	2
97869	97901	2
97869	97900	2
97869	97899	2
97869	97898	2
97869	97897	2
97869	97896	2
97869	97895	2
97869	97894	2
97869	97893	2
97869	97892	2
97869	97891	2
97869	97889	2
97869	97888	2
97869	97887	2
97869	97886	2
97869	97885	2
97869	97884	2
97869	97883	2
97869	97882	2
97869	97881	2
97869	97880	2
97869	97879	2
97869	97878	2
97869	97877	2
97869	97875	2
97869	97874	2
97869	97873	2
97869	97872	2
97869	97871	2
97869	97870	2
97869	97902	2
97869	97890	2
97869	97876	2
97869	97905	2
97870	97911	2
97870	97909	2
97870	97908	2
97870	97906	2
97870	97903	2
97870	97900	2
97870	97897	2
97870	97894	2
97870	97892	2
97870	97891	2
97870	97886	2
97870	97883	2
97870	97881	2
97870	97879	2
97870	97878	2
97870	97875	2
97870	97874	2
97870	97872	2
97870	97871	2
97870	97887	2
97870	97880	2
97870	97888	2
97870	97904	2
97870	97882	2
97870	97873	2
97870	97893	2
97870	97885	2
97870	97877	2
97870	97910	2
97870	97895	2
97870	97884	2
97870	97901	2
97870	97889	2
97870	97899	2
97870	97896	2
97870	97907	2
97870	97898	2
97870	97912	2
97870	97902	2
97870	97890	2
97870	97876	2
97870	97905	2
97871	97891	2
97871	97886	2
97871	97908	2
97871	97875	2
97871	97881	2
97871	97874	2
97871	97879	2
97871	97883	2
97871	97909	2
97871	97897	2
97871	97892	2
97871	97872	2
97871	97903	2
97871	97894	2
97871	97900	2
97871	97878	2
97871	97906	2
97871	97911	2
97871	97887	2
97871	97880	2
97871	97888	2
97871	97904	2
97871	97882	2
97871	97873	2
97871	97893	2
97871	97885	2
97871	97877	2
97871	97910	2
97871	97895	2
97871	97884	2
97871	97901	2
97871	97889	2
97871	97899	2
97871	97896	2
97871	97907	2
97871	97898	2
97871	97912	2
97871	97902	2
97871	97890	2
97871	97876	2
97871	97905	2
97872	97909	2
97872	97908	2
97872	97897	2
97872	97892	2
97872	97891	2
97872	97886	2
97872	97883	2
97872	97881	2
97872	97879	2
97872	97875	2
97872	97874	2
97872	97903	2
97872	97894	2
97872	97900	2
97872	97878	2
97872	97906	2
97872	97911	2
97872	97887	2
97872	97880	2
97872	97888	2
97872	97904	2
97872	97882	2
97872	97873	2
97872	97893	2
97872	97885	2
97872	97877	2
97872	97910	2
97872	97895	2
97872	97884	2
97872	97901	2
97872	97889	2
97872	97899	2
97872	97896	2
97872	97907	2
97872	97898	2
97872	97912	2
97872	97902	2
97872	97890	2
97872	97876	2
97872	97905	2
97873	97909	2
97873	97906	2
97873	97903	2
97873	97897	2
97873	97880	2
97873	97874	2
97873	97883	2
97873	97882	2
97873	97875	2
97873	97900	2
97873	97894	2
97873	97892	2
97873	97891	2
97873	97888	2
97873	97911	2
97873	97881	2
97873	97904	2
97873	97878	2
97873	97908	2
97873	97887	2
97873	97886	2
97873	97879	2
97873	97893	2
97873	97885	2
97873	97877	2
97873	97910	2
97873	97895	2
97873	97884	2
97873	97901	2
97873	97889	2
97873	97899	2
97873	97896	2
97873	97907	2
97873	97898	2
97873	97912	2
97873	97902	2
97873	97890	2
97873	97876	2
97873	97905	2
97874	97908	2
97874	97891	2
97874	97886	2
97874	97881	2
97874	97875	2
97874	97879	2
97874	97883	2
97874	97909	2
97874	97897	2
97874	97892	2
97874	97903	2
97874	97894	2
97874	97900	2
97874	97878	2
97874	97906	2
97874	97911	2
97874	97887	2
97874	97880	2
97874	97888	2
97874	97904	2
97874	97882	2
97874	97893	2
97874	97885	2
97874	97877	2
97874	97910	2
97874	97895	2
97874	97884	2
97874	97901	2
97874	97889	2
97874	97899	2
97874	97896	2
97874	97907	2
97874	97898	2
97874	97912	2
97874	97902	2
97874	97890	2
97874	97876	2
97874	97905	2
97875	97908	2
97875	97891	2
97875	97886	2
97875	97881	2
97875	97879	2
97875	97883	2
97875	97909	2
97875	97897	2
97875	97892	2
97875	97903	2
97875	97894	2
97875	97900	2
97875	97878	2
97875	97906	2
97875	97911	2
97875	97887	2
97875	97880	2
97875	97888	2
97875	97904	2
97875	97882	2
97875	97893	2
97875	97885	2
97875	97877	2
97875	97910	2
97875	97895	2
97875	97884	2
97875	97901	2
97875	97889	2
97875	97899	2
97875	97896	2
97875	97907	2
97875	97898	2
97875	97912	2
97875	97902	2
97875	97890	2
97875	97876	2
97875	97905	2
97876	97912	2
97876	97911	2
97876	97910	2
97876	97909	2
97876	97908	2
97876	97907	2
97876	97906	2
97876	97904	2
97876	97903	2
97876	97902	2
97876	97901	2
97876	97900	2
97876	97899	2
97876	97898	2
97876	97897	2
97876	97896	2
97876	97895	2
97876	97894	2
97876	97893	2
97876	97892	2
97876	97891	2
97876	97890	2
97876	97889	2
97876	97888	2
97876	97887	2
97876	97886	2
97876	97885	2
97876	97884	2
97876	97883	2
97876	97882	2
97876	97881	2
97876	97880	2
97876	97879	2
97876	97878	2
97876	97877	2
97876	97905	2
97877	97911	2
97877	97909	2
97877	97908	2
97877	97906	2
97877	97904	2
97877	97903	2
97877	97900	2
97877	97897	2
97877	97894	2
97877	97893	2
97877	97892	2
97877	97891	2
97877	97888	2
97877	97887	2
97877	97886	2
97877	97885	2
97877	97883	2
97877	97882	2
97877	97881	2
97877	97880	2
97877	97879	2
97877	97878	2
97877	97910	2
97877	97895	2
97877	97884	2
97877	97901	2
97877	97889	2
97877	97899	2
97877	97896	2
97877	97907	2
97877	97898	2
97877	97912	2
97877	97902	2
97877	97890	2
97877	97905	2
97878	97909	2
97878	97908	2
97878	97903	2
97878	97900	2
97878	97897	2
97878	97894	2
97878	97892	2
97878	97891	2
97878	97886	2
97878	97883	2
97878	97881	2
97878	97879	2
97878	97906	2
97878	97911	2
97878	97887	2
97878	97880	2
97878	97888	2
97878	97904	2
97878	97882	2
97878	97893	2
97878	97885	2
97878	97910	2
97878	97895	2
97878	97884	2
97878	97901	2
97878	97889	2
97878	97899	2
97878	97896	2
97878	97907	2
97878	97898	2
97878	97912	2
97878	97902	2
97878	97890	2
97878	97905	2
97879	97908	2
97879	97891	2
97879	97886	2
97879	97881	2
97879	97883	2
97879	97909	2
97879	97897	2
97879	97892	2
97879	97903	2
97879	97894	2
97879	97900	2
97879	97906	2
97879	97911	2
97879	97887	2
97879	97880	2
97879	97888	2
97879	97904	2
97879	97882	2
97879	97893	2
97879	97885	2
97879	97910	2
97879	97895	2
97879	97884	2
97879	97901	2
97879	97889	2
97879	97899	2
97879	97896	2
97879	97907	2
97879	97898	2
97879	97912	2
97879	97902	2
97879	97890	2
97879	97905	2
97880	97911	2
97880	97909	2
97880	97908	2
97880	97906	2
97880	97903	2
97880	97900	2
97880	97897	2
97880	97894	2
97880	97892	2
97880	97891	2
97880	97887	2
97880	97881	2
97880	97886	2
97880	97883	2
97880	97888	2
97880	97904	2
97880	97882	2
97880	97893	2
97880	97885	2
97880	97910	2
97880	97895	2
97880	97884	2
97880	97901	2
97880	97889	2
97880	97899	2
97880	97896	2
97880	97907	2
97880	97898	2
97880	97912	2
97880	97902	2
97880	97890	2
97880	97905	2
97881	97908	2
97881	97891	2
97881	97886	2
97881	97883	2
97881	97909	2
97881	97897	2
97881	97892	2
97881	97903	2
97881	97894	2
97881	97900	2
97881	97906	2
97881	97911	2
97881	97887	2
97881	97888	2
97881	97904	2
97881	97882	2
97881	97893	2
97881	97885	2
97881	97910	2
97881	97895	2
97881	97884	2
97881	97901	2
97881	97889	2
97881	97899	2
97881	97896	2
97881	97907	2
97881	97898	2
97881	97912	2
97881	97902	2
97881	97890	2
97881	97905	2
97882	97909	2
97882	97908	2
97882	97906	2
97882	97904	2
97882	97903	2
97882	97900	2
97882	97897	2
97882	97894	2
97882	97892	2
97882	97891	2
97882	97888	2
97882	97887	2
97882	97886	2
97882	97883	2
97882	97911	2
97882	97893	2
97882	97885	2
97882	97910	2
97882	97895	2
97882	97884	2
97882	97901	2
97882	97889	2
97882	97899	2
97882	97896	2
97882	97907	2
97882	97898	2
97882	97912	2
97882	97902	2
97882	97890	2
97882	97905	2
97883	97908	2
97883	97891	2
97883	97886	2
97883	97909	2
97883	97897	2
97883	97892	2
97883	97903	2
97883	97894	2
97883	97900	2
97883	97906	2
97883	97911	2
97883	97887	2
97883	97888	2
97883	97904	2
97883	97893	2
97883	97885	2
97883	97910	2
97883	97895	2
97883	97884	2
97883	97901	2
97883	97889	2
97883	97899	2
97883	97896	2
97883	97907	2
97883	97898	2
97883	97912	2
97883	97902	2
97883	97890	2
97883	97905	2
97884	97911	2
97884	97910	2
97884	97909	2
97884	97908	2
97884	97906	2
97884	97904	2
97884	97903	2
97884	97900	2
97884	97897	2
97884	97895	2
97884	97894	2
97884	97893	2
97884	97892	2
97884	97891	2
97884	97888	2
97884	97887	2
97884	97886	2
97884	97885	2
97884	97901	2
97884	97889	2
97884	97899	2
97884	97896	2
97884	97907	2
97884	97898	2
97884	97912	2
97884	97902	2
97884	97890	2
97884	97905	2
97885	97909	2
97885	97906	2
97885	97903	2
97885	97893	2
97885	97900	2
97885	97894	2
97885	97892	2
97885	97891	2
97885	97888	2
97885	97911	2
97885	97904	2
97885	97897	2
97885	97908	2
97885	97887	2
97885	97886	2
97885	97910	2
97885	97895	2
97885	97901	2
97885	97889	2
97885	97899	2
97885	97896	2
97885	97907	2
97885	97898	2
97885	97912	2
97885	97902	2
97885	97890	2
97885	97905	2
97886	97891	2
97886	97908	2
97886	97909	2
97886	97897	2
97886	97892	2
97886	97903	2
97886	97894	2
97886	97900	2
97886	97906	2
97886	97911	2
97886	97887	2
97886	97888	2
97886	97904	2
97886	97893	2
97886	97910	2
97886	97895	2
97886	97901	2
97886	97889	2
97886	97899	2
97886	97896	2
97886	97907	2
97886	97898	2
97886	97912	2
97886	97902	2
97886	97890	2
97886	97905	2
97887	97911	2
97887	97909	2
97887	97908	2
97887	97906	2
97887	97903	2
97887	97900	2
97887	97897	2
97887	97894	2
97887	97892	2
97887	97891	2
97887	97888	2
97887	97904	2
97887	97893	2
97887	97910	2
97887	97895	2
97887	97901	2
97887	97889	2
97887	97899	2
97887	97896	2
97887	97907	2
97887	97898	2
97887	97912	2
97887	97902	2
97887	97890	2
97887	97905	2
97888	97911	2
97888	97909	2
97888	97908	2
97888	97906	2
97888	97903	2
97888	97900	2
97888	97897	2
97888	97894	2
97888	97892	2
97888	97891	2
97888	97904	2
97888	97893	2
97888	97910	2
97888	97895	2
97888	97901	2
97888	97889	2
97888	97899	2
97888	97896	2
97888	97907	2
97888	97898	2
97888	97912	2
97888	97902	2
97888	97890	2
97888	97905	2
97889	97911	2
97889	97910	2
97889	97909	2
97889	97908	2
97889	97906	2
97889	97904	2
97889	97903	2
97889	97901	2
97889	97900	2
97889	97897	2
97889	97895	2
97889	97894	2
97889	97893	2
97889	97892	2
97889	97891	2
97889	97899	2
97889	97896	2
97889	97907	2
97889	97898	2
97889	97912	2
97889	97902	2
97889	97890	2
97889	97905	2
97890	97912	2
97890	97911	2
97890	97910	2
97890	97909	2
97890	97908	2
97890	97907	2
97890	97906	2
97890	97904	2
97890	97903	2
97890	97902	2
97890	97901	2
97890	97900	2
97890	97899	2
97890	97898	2
97890	97897	2
97890	97896	2
97890	97895	2
97890	97894	2
97890	97893	2
97890	97892	2
97890	97891	2
97890	97905	2
97891	97908	2
97891	97909	2
97891	97897	2
97891	97892	2
97891	97903	2
97891	97894	2
97891	97900	2
97891	97906	2
97891	97911	2
97891	97904	2
97891	97893	2
97891	97910	2
97891	97895	2
97891	97901	2
97891	97899	2
97891	97896	2
97891	97907	2
97891	97898	2
97891	97912	2
97891	97902	2
97891	97905	2
97892	97909	2
97892	97908	2
97892	97897	2
97892	97903	2
97892	97894	2
97892	97900	2
97892	97906	2
97892	97911	2
97892	97904	2
97892	97893	2
97892	97910	2
97892	97895	2
97892	97901	2
97892	97899	2
97892	97896	2
97892	97907	2
97892	97898	2
97892	97912	2
97892	97902	2
97892	97905	2
97893	97911	2
97893	97909	2
97893	97908	2
97893	97906	2
97893	97904	2
97893	97903	2
97893	97900	2
97893	97897	2
97893	97894	2
97893	97910	2
97893	97895	2
97893	97901	2
97893	97899	2
97893	97896	2
97893	97907	2
97893	97898	2
97893	97912	2
97893	97902	2
97893	97905	2
97894	97909	2
97894	97908	2
97894	97903	2
97894	97897	2
97894	97900	2
97894	97906	2
97894	97911	2
97894	97904	2
97894	97910	2
97894	97895	2
97894	97901	2
97894	97899	2
97894	97896	2
97894	97907	2
97894	97898	2
97894	97912	2
97894	97902	2
97894	97905	2
97895	97911	2
97895	97910	2
97895	97909	2
97895	97908	2
97895	97906	2
97895	97904	2
97895	97903	2
97895	97900	2
97895	97897	2
97895	97901	2
97895	97899	2
97895	97896	2
97895	97907	2
97895	97898	2
97895	97912	2
97895	97902	2
97895	97905	2
97896	97904	2
97896	97903	2
97896	97910	2
97896	97909	2
97896	97908	2
97896	97906	2
97896	97901	2
97896	97900	2
97896	97899	2
97896	97897	2
97896	97911	2
97896	97907	2
97896	97898	2
97896	97912	2
97896	97902	2
97896	97905	2
97897	97909	2
97897	97908	2
97897	97903	2
97897	97900	2
97897	97906	2
97897	97911	2
97897	97904	2
97897	97910	2
97897	97901	2
97897	97899	2
97897	97907	2
97897	97898	2
97897	97912	2
97897	97902	2
97897	97905	2
97898	97911	2
97898	97910	2
97898	97909	2
97898	97908	2
97898	97907	2
97898	97906	2
97898	97904	2
97898	97903	2
97898	97901	2
97898	97900	2
97898	97899	2
97898	97912	2
97898	97902	2
97898	97905	2
97899	97911	2
97899	97908	2
97899	97906	2
97899	97904	2
97899	97903	2
97899	97901	2
97899	97900	2
97899	97910	2
97899	97909	2
97899	97907	2
97899	97912	2
97899	97902	2
97899	97905	2
97900	97909	2
97900	97908	2
97900	97903	2
97900	97906	2
97900	97911	2
97900	97904	2
97900	97910	2
97900	97901	2
97900	97907	2
97900	97912	2
97900	97902	2
97900	97905	2
97901	97911	2
97901	97910	2
97901	97909	2
97901	97908	2
97901	97906	2
97901	97904	2
97901	97903	2
97901	97907	2
97901	97912	2
97901	97902	2
97901	97905	2
97902	97912	2
97902	97911	2
97902	97910	2
97902	97909	2
97902	97908	2
97902	97907	2
97902	97906	2
97902	97904	2
97902	97903	2
97902	97905	2
97903	97909	2
97903	97908	2
97903	97906	2
97903	97911	2
97903	97904	2
97903	97910	2
97903	97907	2
97903	97912	2
97903	97905	2
97904	97911	2
97904	97909	2
97904	97908	2
97904	97906	2
97904	97910	2
97904	97907	2
97904	97912	2
97904	97905	2
97905	97912	2
97905	97911	2
97905	97910	2
97905	97909	2
97905	97908	2
97905	97907	2
97905	97906	2
97906	97909	2
97906	97908	2
97906	97911	2
97906	97910	2
97906	97907	2
97906	97912	2
97907	97911	2
97907	97910	2
97907	97909	2
97907	97908	2
97907	97912	2
97908	97909	2
97908	97911	2
97908	97910	2
97908	97912	2
97909	97911	2
97909	97910	2
97909	97912	2
97910	97911	2
97910	97912	2
97911	97912	2
